-0.9 -0.938359 
-0.894304 -0.864092 
-0.888608 -0.801708 
-0.882911 -0.715559 
-0.877215 -0.5544 
-0.871519 -0.281842 
-0.865823 -0.641292 
-0.860127 -0.752692 
-0.85443 -0.875975 
-0.848734 -0.901225 
-0.843038 -0.962867 
-0.837342 -1 
-0.831646 -1 
-0.825949 -0.975492 
-0.820253 -0.864092 
-0.814557 -0.6658 
-0.808861 -0.418492 
-0.803165 -0.2202 
-0.797468 -0.257334 
-0.791772 -0.517267 
-0.786076 -0.653175 
-0.78038 -0.678426 
-0.774684 -0.727441 
-0.768987 -0.864092 
-0.763291 -0.740067 
-0.757595 -0.504642 
-0.751899 -0.0345339 
-0.746203 0.50984 
-0.740506 0.275158 
-0.73481 -0.0961753 
-0.729114 -0.418492 
-0.723418 -0.567026 
-0.717722 -0.864092 
-0.712025 -0.938359 
-0.706329 -0.801708 
-0.700633 -0.578908 
-0.694937 -0.133309 
-0.689241 0.00259936 
-0.683544 0.373932 
-0.677848 0.249907 
-0.672152 -0.0961753 
-0.666456 -0.504642 
-0.66076 -0.752692 
-0.655063 -0.801708 
-0.649367 -0.938359 
-0.643671 -0.864092 
-0.637975 -0.727441 
-0.632279 -0.504642 
-0.626582 -0.257334 
-0.620886 0.00111401 
-0.61519 0.0323061 
-0.609494 -0.40958 
-0.603797 -0.408095 
-0.598101 -0.619755 
-0.592405 -0.849239 
-0.586709 -0.881173 
-0.581013 -0.873747 
-0.575316 -0.59896 
-0.56962 -0.411066 
-0.563924 -0.3316 
-0.558228 -0.221686 
-0.552532 0.063498 
-0.546835 -0.24248 
-0.541139 -0.441515 
-0.535443 -0.549202 
-0.529747 -0.741552 
-0.524051 -0.858893 
-0.518354 -0.53212 
-0.512658 -0.136279 
-0.506962 0.313034 
-0.501266 0.247679 
-0.49557 0.0100261 
-0.489873 -0.177126 
-0.484177 -0.569254 
-0.478481 -0.62124 
-0.472785 -0.913108 
-0.467089 -0.75492 
-0.461392 0.145191 
-0.455696 0.91088 
-0.45 0.558114 
-0.444304 0.0493873 
-0.438608 -0.157074 
-0.432911 -0.523208 
-0.427215 -0.717787 
-0.421519 -0.873747 
-0.415823 -0.701448 
-0.410127 0.0263647 
-0.40443 0.633866 
-0.398734 0.620498 
-0.393038 0.461567 
-0.387342 0.112514 
-0.381646 -0.175641 
-0.375949 -0.257334 
-0.370253 -0.419235 
-0.364557 -0.492759 
-0.358861 -0.736354 
-0.353165 -0.801708 
-0.347468 -0.920535 
-0.341772 -0.949499 
-0.336076 -0.916079 
-0.33038 -0.820275 
-0.324684 -0.578908 
-0.318987 -0.443 
-0.313291 -0.466766 
-0.307595 -0.411808 
-0.301899 -0.477906 
-0.296203 -0.652432 
-0.290506 -0.875232 
-0.28481 -0.89974 
-0.279114 -0.968808 
-0.273418 -1 
-0.267722 -0.982919 
-0.262025 -0.938359 
-0.256329 -0.849239 
-0.250633 -0.827701 
-0.244937 -0.561827 
-0.239241 -0.433346 
-0.233544 -0.492759 
-0.227848 -0.60713 
-0.222152 -0.714074 
-0.216456 -0.820275 
-0.210759 -0.931675 
-0.205063 -0.953212 
-0.199367 -0.983661 
-0.193671 -0.915336 
-0.187975 -0.790568 
-0.182278 -0.555143 
-0.176582 -0.383587 
-0.170886 -0.194207 
-0.16519 -0.144449 
-0.159494 -0.12811 
-0.153797 -0.399926 
-0.148101 -0.670999 
-0.142405 -0.900483 
-0.136709 -0.85518 
-0.131013 -0.362792 
-0.125316 0.431118 
-0.11962 0.68808 
-0.113924 0.252878 
-0.108228 0.0620127 
-0.102532 -0.216487 
-0.0968354 -0.529892 
-0.0911392 -0.700706 
-0.085443 -0.865577 
-0.0797468 -0.813591 
-0.0740506 -0.511326 
-0.0683544 -0.237282 
-0.0626582 0.235054 
-0.056962 0.546974 
-0.0512658 0.355366 
-0.0455696 -0.0620126 
-0.0398734 -0.0939472 
-0.0341772 -0.237282 
-0.028481 -0.449684 
-0.0227848 -0.71036 
-0.0170886 -0.905681 
-0.0113924 -0.939101 
-0.0056962 -0.677683 
1.11022e-16 -0.224656 
0.0056962 0.324174 
0.0113924 0.353138 
0.0170886 0.0887487 
0.0227848 -0.167471 
0.028481 -0.379874 
0.0341772 -0.337542 
0.0398734 -0.570739 
0.0455696 -0.772002 
0.0512658 -0.896769 
0.056962 -0.533606 
0.0626582 -0.0820646 
0.0683544 0.722986 
0.0740506 0.376161 
0.0797468 0.256591 
0.085443 -0.182325 
0.0911392 -0.446714 
0.0968354 -0.789825 
0.102532 -0.859636 
0.108228 -0.846268 
0.113924 -0.957668 
0.11962 -0.925733 
0.125316 -0.601188 
0.131013 -0.327887 
0.136709 -0.26476 
0.142405 -0.212031 
0.148101 -0.214259 
0.153797 -0.359079 
0.159494 -0.685109 
0.16519 -0.838099 
0.170886 -0.916821 
0.176582 -0.922763 
0.182278 -0.912365 
0.187975 -0.558114 
0.193671 -0.0961753 
0.199367 0.0545861 
0.205063 -0.0345339 
0.210759 -0.208318 
0.216456 -0.48459 
0.222152 -0.674712 
0.227848 -0.670256 
0.233544 -0.849981 
0.239241 -0.883401 
0.244937 -0.965837 
0.250633 -0.936873 
0.256329 -0.696992 
0.262025 -0.479391 
0.267722 -0.216487 
0.273418 -0.330858 
0.279114 -0.236539 
0.28481 -0.399183 
0.290506 -0.456368 
0.296203 -0.770516 
0.301899 -0.929447 
0.307595 -0.95544 
0.313291 -0.982176 
0.318987 -0.880431 
0.324684 -0.413294 
0.33038 -0.294467 
0.336076 0.289269 
0.341772 -0.000371218 
0.347468 -0.215002 
0.353165 -0.534348 
0.358861 -0.67694 
0.364557 -0.823988 
0.370253 -0.927961 
0.375949 -0.792796 
0.381646 -0.450427 
0.387342 -0.20906 
0.393038 -0.148162 
0.398734 -0.0367619 
0.40443 -0.196435 
0.410127 -0.558856 
0.415823 -0.739324 
0.421519 -0.861864 
0.427215 -0.931675 
0.432911 -0.891571 
0.438608 -0.552915 
0.444304 -0.0137392 
0.45 0.415522 
0.455696 0.356109 
0.461392 0.099146 
0.467089 -0.160787 
0.472785 -0.411808 
0.478481 -0.622726 
0.484177 -0.798737 
0.489873 -0.880431 
0.49557 -0.589306 
0.501266 0.145934 
0.506962 0.594504 
0.512658 0.433346 
0.518354 0.416264 
0.524051 -0.11697 
0.529747 -0.269959 
0.535443 -0.6658 
0.541139 -0.850724 
0.546835 -0.950984 
0.552532 -0.597475 
0.558228 0.490531 
0.563924 1 
0.56962 0.943558 
0.575316 0.671742 
0.581013 0.180839 
0.586709 -0.432603 
0.592405 -0.603416 
0.598101 -0.703676 
0.603797 -0.8886 
0.609494 -0.836613 
0.61519 -0.503899 
0.620886 -0.0129967 
0.626582 0.113999 
0.632279 0.109543 
0.637975 0.099146 
0.643671 -0.298923 
0.649367 -0.275158 
0.655063 -0.598218 
0.66076 -0.634608 
0.666456 -0.8329 
0.672152 -0.863349 
0.677848 -0.708132 
0.683544 -0.0271073 
0.689241 0.634608 
0.694937 0.625696 
0.700633 0.477163 
0.706329 0.20609 
0.712025 -0.324174 
0.717722 -0.550687 
0.723418 -0.847011 
0.729114 -0.890085 
0.73481 -0.748236 
0.740506 -0.0865206 
0.746203 0.567768 
0.751899 0.424434 
0.757595 0.50984 
0.763291 -0.0122539 
0.768987 -0.434831 
0.774684 -0.666543 
0.78038 -0.813591 
0.786076 -0.913851 
0.791772 -0.785369 
0.797468 -0.344226 
0.803165 0.0122541 
0.808861 0.291497 
0.814557 0.265503 
0.820253 0.215002 
0.825949 -0.262532 
0.831646 -0.515039 
0.837342 -0.659859 
0.843038 -0.816561 
0.848734 -0.906424 
0.85443 -0.968808 
0.860127 -0.964352 
0.865823 -0.815076 
0.871519 -0.399926 
0.877215 -0.372447 
0.882911 -0.301894 
0.888608 -0.158559 
0.894304 -0.481619 
0.9 -0.703676 
